exec,label,timestamp,cpu
207,action_server,1733654912, 1.0
207,action_server,1733654912, 1.0
207,action_server,1733654913, 0.5
207,action_server,1733654913, 0.5
207,action_server,1733654914, 0.3
207,action_server,1733654915, 0.3
207,action_server,1733654915, 0.2
207,action_server,1733654916, 0.2
207,action_server,1733654916, 0.2
207,action_server,1733654917, 0.2
207,action_server,1733654917, 0.1
207,action_server,1733654918, 0.2
207,action_server,1733654918, 0.2
207,action_server,1733654919, 0.2
207,action_server,1733654919, 0.2
207,action_server,1733654920, 0.2
207,action_server,1733654920, 0.2
207,action_server,1733654921, 0.2
207,action_server,1733654921, 0.2
207,action_server,1733654922, 0.1
207,action_server,1733654922, 0.1
207,action_server,1733654923, 0.1
207,action_server,1733654924, 0.1
207,action_server,1733654924, 0.1
207,action_server,1733654925, 0.1
207,action_server,1733654925, 0.2
207,action_server,1733654926, 0.2
207,action_server,1733654926, 0.2
207,action_server,1733654927, 0.1
207,action_server,1733654927, 0.1
207,action_server,1733654928, 0.1
207,action_server,1733654928, 0.1
207,action_server,1733654929, 0.1
207,action_server,1733654929, 0.1
207,action_server,1733654930, 0.1
207,action_server,1733654930, 0.1
207,action_server,1733654931, 0.1
207,action_server,1733654931, 0.1
207,action_server,1733654932, 0.1
207,action_server,1733654932, 0.1
207,action_server,1733654933, 0.1
207,action_server,1733654934, 0.1
207,action_server,1733654934, 0.1
207,action_server,1733654935, 0.1
207,action_server,1733654935, 0.1
207,action_server,1733654936, 0.1
207,action_server,1733654936, 0.1
207,action_server,1733654937, 0.1
207,action_server,1733654937, 0.1
207,action_server,1733654938, 0.1
207,action_server,1733654938, 0.1
207,action_server,1733654939, 0.1
207,action_server,1733654939, 0.1
207,action_server,1733654940, 0.1
207,action_server,1733654940, 0.1
207,action_server,1733654941, 0.1
207,action_server,1733654941, 0.1
207,action_server,1733654942, 0.0
207,action_server,1733654942, 0.0
207,action_server,1733654943, 0.0
207,action_server,1733654944, 0.0
207,action_server,1733654944, 0.0
207,action_server,1733654945, 0.0
207,action_server,1733654945, 0.0
207,action_server,1733654946, 0.0
207,action_server,1733654946, 0.0
207,action_server,1733654947, 0.0
207,action_server,1733654947, 0.0
207,action_server,1733654948, 0.0
207,action_server,1733654948, 0.0
207,action_server,1733654949, 0.0
207,action_server,1733654949, 0.0
207,action_server,1733654950, 0.0
207,action_server,1733654950, 0.0
207,action_server,1733654951, 0.1
207,action_server,1733654951, 0.1
207,action_server,1733654952, 0.0
207,action_server,1733654952, 0.0
207,action_server,1733654953, 0.0
207,action_server,1733654954, 0.0
207,action_server,1733654954, 0.0
207,action_server,1733654955, 0.0
207,action_server,1733654955, 0.0
207,action_server,1733654956, 0.0
207,action_server,1733654956, 0.0
207,action_server,1733654957, 0.0
207,action_server,1733654957, 0.0
207,action_server,1733654958, 0.0
207,action_server,1733654958, 0.0
207,action_server,1733654959, 0.0
207,action_server,1733654959, 0.0
207,action_server,1733654960, 0.0
207,action_server,1733654960, 0.0
207,action_server,1733654961, 0.0
207,action_server,1733654961, 0.0
207,action_server,1733654962, 0.0
207,action_server,1733654963, 0.0
207,action_server,1733654963, 0.0
207,action_server,1733654964, 0.0
207,action_server,1733654964, 0.0
207,action_server,1733654965, 0.0
207,action_server,1733654965, 0.0
207,action_server,1733654966, 0.0
207,action_server,1733654966, 0.0
207,action_server,1733654967, 0.0
207,action_server,1733654967, 0.0
207,action_server,1733654968, 0.0
207,action_server,1733654968, 0.0
207,action_server,1733654969, 0.0
207,action_server,1733654969, 0.0
207,action_server,1733654970, 0.0
207,action_server,1733654970, 0.0
207,action_server,1733654971, 0.0
207,action_server,1733654971, 0.0
207,action_server,1733654972, 0.0
207,action_server,1733654973, 0.0
207,action_server,1733654973, 0.0
207,action_server,1733654974, 0.0
207,action_server,1733654974, 0.0
207,action_server,1733654975, 0.0
207,action_server,1733654975, 0.0
207,action_server,1733654976, 0.0
207,action_server,1733654976, 0.0
207,action_server,1733654977, 0.0
207,action_server,1733654977, 0.0
207,action_server,1733654978, 0.0
207,action_server,1733654978, 0.0
207,action_server,1733654979, 0.0
207,action_server,1733654979, 0.0
207,action_server,1733654980, 0.0
207,action_server,1733654980, 0.0
207,action_server,1733654981, 0.0
207,action_server,1733654981, 0.0
207,action_server,1733654982, 0.0
207,action_server,1733654983, 0.0
207,action_server,1733654983, 0.0
207,action_server,1733654984, 0.0
207,action_server,1733654984, 0.0
207,action_server,1733654985, 0.0
207,action_server,1733654985, 0.0
207,action_server,1733654986, 0.0
207,action_server,1733654986, 0.0
207,action_server,1733654987, 0.0
207,action_server,1733654987, 0.0
207,action_server,1733654988, 0.0
207,action_server,1733654988, 0.0
207,action_server,1733654989, 0.0
207,action_server,1733654989, 0.0
207,action_server,1733654990, 0.0
207,action_server,1733654990, 0.0
207,action_server,1733654991, 0.0
207,action_server,1733654991, 0.0
207,action_server,1733654992, 0.0
207,action_server,1733654993, 0.0
207,action_server,1733654993, 0.0
207,action_server,1733654994, 0.0
207,action_server,1733654994, 0.0
207,action_server,1733654995, 0.0
207,action_server,1733654995, 0.0
207,action_server,1733654996, 0.0
207,action_server,1733654996, 0.0
207,action_server,1733654997, 0.0
207,action_server,1733654997, 0.0
207,action_server,1733654998, 0.0
207,action_server,1733654998, 0.0
207,action_server,1733654999, 0.0
207,action_server,1733654999, 0.0
207,action_server,1733655000, 0.0
207,action_server,1733655000, 0.0
207,action_server,1733655001, 0.0
207,action_server,1733655002, 0.0
207,action_server,1733655002, 0.0
207,action_server,1733655003, 0.0
207,action_server,1733655003, 0.0
207,action_server,1733655004, 0.0
207,action_server,1733655004, 0.0
207,action_server,1733655005, 0.0
207,action_server,1733655005, 0.0
207,action_server,1733655006, 0.0
207,action_server,1733655006, 0.0
207,action_server,1733655007, 0.0
207,action_server,1733655007, 0.0
207,action_server,1733655008, 0.0
207,action_server,1733655008, 0.0
207,action_server,1733655009, 0.0
207,action_server,1733655010, 0.0
207,action_server,1733655010, 0.0
207,action_server,1733655011, 0.0
207,action_server,1733655011, 0.0
207,action_server,1733655012, 0.0
207,action_server,1733655012, 0.0
207,action_server,1733655013, 0.0
207,action_server,1733655013, 0.0
207,action_server,1733655014, 0.0
207,action_server,1733655014, 0.0
207,action_server,1733655015, 0.0
207,action_server,1733655015, 0.0
207,action_server,1733655016, 0.0
207,action_server,1733655016, 0.0
207,action_server,1733655017, 0.0
207,action_server,1733655017, 0.0
207,action_server,1733655018, 0.0
207,action_server,1733655019, 0.0
207,action_server,1733655019, 0.0
207,action_server,1733655020, 0.0
207,action_server,1733655020, 0.0
207,action_server,1733655021, 0.0
207,action_server,1733655021, 0.0
207,action_server,1733655022, 0.0
207,action_server,1733655022, 0.0
207,action_server,1733655023, 0.0
207,action_server,1733655023, 0.0
207,action_server,1733655024, 0.0
207,action_server,1733655024, 0.0
207,action_server,1733655025, 0.0
207,action_server,1733655026, 0.0
207,action_server,1733655026, 0.0
207,action_server,1733655027, 0.0
207,action_server,1733655027, 0.0
207,action_server,1733655028, 0.0
207,action_server,1733655028, 0.0
207,action_server,1733655029, 0.0
207,action_server,1733655029, 0.0
207,action_server,1733655030, 0.0
207,action_server,1733655030, 0.0
207,action_server,1733655031, 0.0
207,action_server,1733655031, 0.0
207,action_server,1733655032, 0.0
207,action_server,1733655033, 0.0
207,action_server,1733655033, 0.0
207,action_server,1733655034, 0.0
207,action_server,1733655034, 0.0
207,action_server,1733655035, 0.0
207,action_server,1733655035, 0.0
207,action_server,1733655036, 0.0
207,action_server,1733655036, 0.0
207,action_server,1733655037, 0.0
207,action_server,1733655037, 0.0
207,action_server,1733655038, 0.0
207,action_server,1733655038, 0.0
207,action_server,1733655039, 0.0
207,action_server,1733655039, 0.0
207,action_server,1733655040, 0.0
207,action_server,1733655041, 0.0
207,action_server,1733655041, 0.0
207,action_server,1733655042, 0.0
207,action_server,1733655042, 0.0
207,action_server,1733655043, 0.0
207,action_server,1733655043, 0.0
207,action_server,1733655044, 0.0
207,action_server,1733655044, 0.0
207,action_server,1733655045, 0.0
207,action_server,1733655046, 0.0
207,action_server,1733655046, 0.0
207,action_server,1733655047, 0.0
207,action_server,1733655047, 0.0
207,action_server,1733655048, 0.0
207,action_server,1733655048, 0.0
207,action_server,1733655049, 0.0
207,action_server,1733655049, 0.0
207,action_server,1733655050, 0.0
207,action_server,1733655050, 0.0
207,action_server,1733655051, 0.0
207,action_server,1733655051, 0.0
207,action_server,1733655052, 0.0
207,action_server,1733655053, 0.0
207,action_server,1733655053, 0.0
207,action_server,1733655054, 0.0
207,action_server,1733655054, 0.0
207,action_server,1733655055, 0.0
207,action_server,1733655055, 0.0
207,action_server,1733655056, 0.0
207,action_server,1733655056, 0.0
207,action_server,1733655057, 0.0
207,action_server,1733655057, 0.0
207,action_server,1733655058, 0.0
207,action_server,1733655058, 0.0
207,action_server,1733655059, 0.0
207,action_server,1733655060, 0.0
207,action_server,1733655060, 0.0
207,action_server,1733655061, 0.0
207,action_server,1733655061, 0.0
207,action_server,1733655062, 0.0
207,action_server,1733655062, 0.0
207,action_server,1733655063, 0.0
207,action_server,1733655063, 0.0
207,action_server,1733655064, 0.0
207,action_server,1733655064, 0.0
207,action_server,1733655065, 0.0
207,action_server,1733655066, 0.0
207,action_server,1733655066, 0.0
207,action_server,1733655067, 0.0
207,action_server,1733655067, 0.0
207,action_server,1733655068, 0.0
207,action_server,1733655068, 0.0
207,action_server,1733655069, 0.0
207,action_server,1733655069, 0.0
207,action_server,1733655070, 0.0
207,action_server,1733655070, 0.0
207,action_server,1733655071, 0.0
207,action_server,1733655072, 0.0
207,action_server,1733655072, 0.0
207,action_server,1733655073, 0.0
207,action_server,1733655073, 0.0
207,action_server,1733655074, 0.0
207,action_server,1733655074, 0.0
207,action_server,1733655075, 0.0
207,action_server,1733655075, 0.0
207,action_server,1733655076, 0.0
207,action_server,1733655076, 0.0
207,action_server,1733655077, 0.0
207,action_server,1733655078, 0.0
207,action_server,1733655078, 0.0
207,action_server,1733655079, 0.0
207,action_server,1733655079, 0.0
207,action_server,1733655080, 0.0
207,action_server,1733655081, 0.0
207,action_server,1733655082, 0.0
207,action_server,1733655082, 0.0
207,action_server,1733655083, 0.0
207,action_server,1733655083, 0.0
207,action_server,1733655084, 0.0
207,action_server,1733655085, 0.0
207,action_server,1733655085, 0.0
207,action_server,1733655086, 0.0
207,action_server,1733655087, 0.0
207,action_server,1733655087, 0.0
207,action_server,1733655088, 0.0
207,action_server,1733655089, 0.0
207,action_server,1733655089, 0.0
207,action_server,1733655090, 0.0
207,action_server,1733655090, 0.0
207,action_server,1733655091, 0.0
207,action_server,1733655091, 0.0
207,action_server,1733655092,
207,action_server,1733655092,
207,action_server,1733655093,
207,action_server,1733655093,
207,action_server,1733655094,
207,action_server,1733655094,
207,action_server,1733655095,
207,action_server,1733655095,
207,action_server,1733655096,
207,action_server,1733655097,
207,action_server,1733655097,
207,action_server,1733655098,
207,action_server,1733655098,
207,action_server,1733655099,
207,action_server,1733655099,
207,action_server,1733655100,
207,action_server,1733655100,
207,action_server,1733655101,
207,action_server,1733655101,
207,action_server,1733655102,
207,action_server,1733655102,
207,action_server,1733655103,
207,action_server,1733655103,
207,action_server,1733655104,
207,action_server,1733655104,
207,action_server,1733655105,
207,action_server,1733655106,
