exec,label,timestamp,cpu
182,action_server,1733649959,44.0
182,action_server,1733649959,46.0
182,action_server,1733649960,24.0
182,action_server,1733649961,24.5
182,action_server,1733649961,16.6
182,action_server,1733649962,17.0
182,action_server,1733649962,13.0
182,action_server,1733649963,13.5
182,action_server,1733649963,11.0
182,action_server,1733649964, 9.3
182,action_server,1733649964, 9.5
182,action_server,1733649965, 8.2
182,action_server,1733649965, 8.4
182,action_server,1733649966, 7.5
182,action_server,1733649966, 7.6
182,action_server,1733649967, 6.8
182,action_server,1733649967, 7.1
182,action_server,1733649968, 6.4
182,action_server,1733649968, 6.5
182,action_server,1733649969, 6.0
182,action_server,1733649970, 6.1
182,action_server,1733649970, 5.7
182,action_server,1733649971, 5.8
182,action_server,1733649971, 5.4
182,action_server,1733649972, 5.2
182,action_server,1733649972, 5.2
182,action_server,1733649973, 4.9
182,action_server,1733649973, 5.0
182,action_server,1733649974, 4.8
182,action_server,1733649974, 4.8
182,action_server,1733649975, 4.7
182,action_server,1733649975, 4.7
182,action_server,1733649976, 4.5
182,action_server,1733649976, 4.6
182,action_server,1733649977, 4.4
182,action_server,1733649978, 4.4
182,action_server,1733649978, 4.3
182,action_server,1733649979, 4.3
182,action_server,1733649979, 4.2
182,action_server,1733649980, 4.0
182,action_server,1733649980, 4.1
182,action_server,1733649981, 4.0
182,action_server,1733649981, 4.0
182,action_server,1733649982, 3.9
182,action_server,1733649982, 4.0
182,action_server,1733649983, 3.8
182,action_server,1733649983, 3.9
182,action_server,1733649984, 3.8
182,action_server,1733649984, 3.8
182,action_server,1733649985, 3.7
182,action_server,1733649985, 3.7
182,action_server,1733649986, 3.7
182,action_server,1733649987, 3.7
182,action_server,1733649987, 3.6
182,action_server,1733649988, 3.6
182,action_server,1733649988, 3.6
182,action_server,1733649989, 3.6
182,action_server,1733649989, 3.5
182,action_server,1733649990, 3.4
182,action_server,1733649990, 3.5
182,action_server,1733649991, 3.4
182,action_server,1733649991, 3.4
182,action_server,1733649992, 3.4
182,action_server,1733649992, 3.4
182,action_server,1733649993, 3.4
182,action_server,1733649993, 3.4
182,action_server,1733649994, 3.3
182,action_server,1733649994, 3.3
182,action_server,1733649995, 3.3
182,action_server,1733649996, 3.3
182,action_server,1733649996, 3.2
182,action_server,1733649997, 3.3
182,action_server,1733649997, 3.2
182,action_server,1733649998, 3.3
182,action_server,1733649998, 3.2
182,action_server,1733649999, 3.1
182,action_server,1733649999, 3.2
182,action_server,1733650000, 3.1
182,action_server,1733650000, 3.1
182,action_server,1733650001, 3.1
182,action_server,1733650001, 3.1
182,action_server,1733650002, 3.1
182,action_server,1733650002, 3.1
182,action_server,1733650003, 3.0
182,action_server,1733650003, 3.1
182,action_server,1733650004, 3.0
182,action_server,1733650005, 3.1
182,action_server,1733650005, 3.0
182,action_server,1733650006, 3.0
182,action_server,1733650006, 3.0
182,action_server,1733650007, 3.0
182,action_server,1733650007, 3.0
182,action_server,1733650008, 3.0
182,action_server,1733650008, 3.0
182,action_server,1733650009, 2.9
182,action_server,1733650009, 3.0
182,action_server,1733650010, 2.9
182,action_server,1733650010, 2.9
182,action_server,1733650011, 2.9
182,action_server,1733650011, 2.9
182,action_server,1733650012, 2.9
182,action_server,1733650012, 2.9
182,action_server,1733650013, 2.9
182,action_server,1733650014, 2.9
182,action_server,1733650014, 2.9
182,action_server,1733650015, 2.9
182,action_server,1733650015, 2.8
182,action_server,1733650016, 2.9
182,action_server,1733650016, 2.8
182,action_server,1733650017, 2.8
182,action_server,1733650017, 2.8
182,action_server,1733650018, 2.8
182,action_server,1733650018, 2.8
182,action_server,1733650019, 2.8
182,action_server,1733650019, 2.8
182,action_server,1733650020, 2.8
182,action_server,1733650020, 2.8
182,action_server,1733650021, 2.8
182,action_server,1733650021, 2.8
182,action_server,1733650022, 2.8
182,action_server,1733650023, 2.8
182,action_server,1733650023, 2.8
182,action_server,1733650024, 2.8
182,action_server,1733650024, 2.8
182,action_server,1733650025, 2.8
182,action_server,1733650025, 2.7
182,action_server,1733650026, 2.7
182,action_server,1733650026, 2.7
182,action_server,1733650027, 2.7
182,action_server,1733650027, 2.7
182,action_server,1733650028, 2.7
182,action_server,1733650028, 2.7
182,action_server,1733650029, 2.7
182,action_server,1733650029, 2.7
182,action_server,1733650030, 2.7
182,action_server,1733650030, 2.7
182,action_server,1733650031, 2.7
182,action_server,1733650032, 2.7
182,action_server,1733650032, 2.7
182,action_server,1733650033, 2.7
182,action_server,1733650033, 2.7
182,action_server,1733650034, 2.6
182,action_server,1733650034, 2.7
182,action_server,1733650035, 2.6
182,action_server,1733650035, 2.7
182,action_server,1733650036, 2.6
182,action_server,1733650036, 2.7
182,action_server,1733650037, 2.6
182,action_server,1733650037, 2.6
182,action_server,1733650038, 2.6
182,action_server,1733650038, 2.6
182,action_server,1733650039, 2.6
182,action_server,1733650040, 2.6
182,action_server,1733650040, 2.6
182,action_server,1733650041, 2.6
182,action_server,1733650041, 2.6
182,action_server,1733650042, 2.6
182,action_server,1733650042, 2.6
182,action_server,1733650043, 2.6
182,action_server,1733650043, 2.6
182,action_server,1733650044, 2.6
182,action_server,1733650044, 2.6
182,action_server,1733650045, 2.6
182,action_server,1733650045, 2.6
182,action_server,1733650046, 2.6
182,action_server,1733650046, 2.6
182,action_server,1733650047, 2.6
182,action_server,1733650048, 2.6
182,action_server,1733650048, 2.6
182,action_server,1733650049, 2.6
182,action_server,1733650049, 2.6
182,action_server,1733650050, 2.6
182,action_server,1733650050, 2.6
182,action_server,1733650051, 2.5
182,action_server,1733650051, 2.6
182,action_server,1733650052, 2.5
182,action_server,1733650052, 2.6
182,action_server,1733650053, 2.5
182,action_server,1733650053, 2.6
182,action_server,1733650054, 2.5
182,action_server,1733650054, 2.5
182,action_server,1733650055, 2.5
182,action_server,1733650055, 2.5
182,action_server,1733650056, 2.5
182,action_server,1733650057, 2.5
182,action_server,1733650057, 2.5
182,action_server,1733650058, 2.5
182,action_server,1733650058, 2.5
182,action_server,1733650059, 2.5
182,action_server,1733650059, 2.5
182,action_server,1733650060, 2.5
182,action_server,1733650060, 2.5
182,action_server,1733650061, 2.5
182,action_server,1733650061, 2.5
182,action_server,1733650062, 2.5
182,action_server,1733650062, 2.5
182,action_server,1733650063, 2.5
182,action_server,1733650063, 2.5
182,action_server,1733650064, 2.5
182,action_server,1733650064, 2.5
182,action_server,1733650065, 2.5
182,action_server,1733650066, 2.5
182,action_server,1733650066, 2.5
182,action_server,1733650067, 2.5
182,action_server,1733650067, 2.5
182,action_server,1733650068, 2.5
182,action_server,1733650068, 2.5
182,action_server,1733650069, 2.5
182,action_server,1733650069, 2.5
182,action_server,1733650070, 2.5
182,action_server,1733650070, 2.5
182,action_server,1733650071, 2.5
182,action_server,1733650071, 2.5
182,action_server,1733650072, 2.5
182,action_server,1733650072, 2.5
182,action_server,1733650073, 2.5
182,action_server,1733650073, 2.5
182,action_server,1733650074, 2.5
182,action_server,1733650075, 2.5
182,action_server,1733650075, 2.5
182,action_server,1733650076, 2.5
182,action_server,1733650076, 2.5
182,action_server,1733650077, 2.5
182,action_server,1733650077, 2.5
182,action_server,1733650078, 2.5
182,action_server,1733650078, 2.5
182,action_server,1733650079, 2.4
182,action_server,1733650079, 2.5
182,action_server,1733650080, 2.4
182,action_server,1733650080, 2.5
182,action_server,1733650081, 2.4
182,action_server,1733650081, 2.5
182,action_server,1733650082, 2.5
182,action_server,1733650082, 2.5
182,action_server,1733650083, 2.4
182,action_server,1733650084, 2.4
182,action_server,1733650084, 2.4
182,action_server,1733650085, 2.5
182,action_server,1733650085, 2.4
182,action_server,1733650086, 2.4
182,action_server,1733650086, 2.4
182,action_server,1733650087, 2.4
182,action_server,1733650087, 2.4
182,action_server,1733650088, 2.4
182,action_server,1733650088, 2.4
182,action_server,1733650089, 2.4
182,action_server,1733650089, 2.4
182,action_server,1733650090, 2.4
182,action_server,1733650090, 2.4
182,action_server,1733650091, 2.4
182,action_server,1733650091, 2.4
182,action_server,1733650092, 2.4
182,action_server,1733650093, 2.4
182,action_server,1733650093, 2.4
182,action_server,1733650094, 2.4
182,action_server,1733650094, 2.4
182,action_server,1733650095, 2.4
182,action_server,1733650095, 2.4
182,action_server,1733650096, 2.4
182,action_server,1733650096, 2.4
182,action_server,1733650097, 2.4
182,action_server,1733650097, 2.4
182,action_server,1733650098, 2.4
182,action_server,1733650098, 2.4
182,action_server,1733650099, 2.4
182,action_server,1733650099, 2.4
182,action_server,1733650100, 2.4
182,action_server,1733650101, 2.4
182,action_server,1733650101, 2.4
182,action_server,1733650102, 2.4
182,action_server,1733650102, 2.4
182,action_server,1733650103, 2.4
182,action_server,1733650103, 2.4
182,action_server,1733650104, 2.4
182,action_server,1733650104, 2.4
182,action_server,1733650105, 2.4
182,action_server,1733650105, 2.4
182,action_server,1733650106, 2.4
182,action_server,1733650106, 2.4
182,action_server,1733650107, 2.4
182,action_server,1733650107, 2.4
182,action_server,1733650108, 2.4
182,action_server,1733650108, 2.4
182,action_server,1733650109, 2.4
182,action_server,1733650110, 2.4
182,action_server,1733650110, 2.4
182,action_server,1733650111, 2.4
182,action_server,1733650111, 2.4
182,action_server,1733650112, 2.4
182,action_server,1733650112, 2.4
182,action_server,1733650113, 2.4
182,action_server,1733650113, 2.4
182,action_server,1733650114, 2.4
182,action_server,1733650114, 2.4
182,action_server,1733650115, 2.4
182,action_server,1733650115, 2.4
182,action_server,1733650116, 2.4
182,action_server,1733650116, 2.4
182,action_server,1733650117, 2.4
182,action_server,1733650117, 2.4
182,action_server,1733650118, 2.4
182,action_server,1733650119, 2.4
182,action_server,1733650119, 2.4
182,action_server,1733650120, 2.4
182,action_server,1733650120, 2.4
182,action_server,1733650121, 2.4
182,action_server,1733650121, 2.4
182,action_server,1733650122, 2.4
182,action_server,1733650122, 2.4
182,action_server,1733650123, 2.4
182,action_server,1733650123, 2.4
182,action_server,1733650124, 2.4
182,action_server,1733650124, 2.4
182,action_server,1733650125, 2.4
182,action_server,1733650125, 2.4
182,action_server,1733650126, 2.4
182,action_server,1733650126, 2.4
182,action_server,1733650127, 2.4
182,action_server,1733650128, 2.4
182,action_server,1733650128, 2.4
182,action_server,1733650129, 2.4
182,action_server,1733650129, 2.4
182,action_server,1733650130, 2.4
182,action_server,1733650130, 2.4
182,action_server,1733650131, 2.4
182,action_server,1733650131, 2.4
182,action_server,1733650132, 2.4
182,action_server,1733650132, 2.4
182,action_server,1733650133, 2.4
182,action_server,1733650133, 2.4
182,action_server,1733650134, 2.4
182,action_server,1733650134, 2.4
182,action_server,1733650135, 2.4
182,action_server,1733650135, 2.4
182,action_server,1733650136, 2.4
182,action_server,1733650137, 2.4
182,action_server,1733650137, 2.4
182,action_server,1733650138, 2.4
182,action_server,1733650138, 2.4
182,action_server,1733650139, 2.4
182,action_server,1733650139,
182,action_server,1733650140,
182,action_server,1733650140,
182,action_server,1733650141,
182,action_server,1733650141,
182,action_server,1733650142,
182,action_server,1733650142,
182,action_server,1733650143,
182,action_server,1733650143,
