exec,label,timestamp,cpu
173,action_client,1733730309,87.0
173,action_client,1733730309,88.0
173,action_client,1733730310,44.0
173,action_client,1733730310,44.5
173,action_client,1733730311,30.3
173,action_client,1733730311,30.6
173,action_client,1733730312,23.0
173,action_client,1733730312,23.0
173,action_client,1733730313,18.6
173,action_client,1733730314,15.6
173,action_client,1733730314,15.6
173,action_client,1733730315,13.5
173,action_client,1733730315,13.7
173,action_client,1733730316,12.0
173,action_client,1733730316,12.1
173,action_client,1733730317,10.8
173,action_client,1733730317,10.8
173,action_client,1733730318, 9.9
173,action_client,1733730318, 9.9
173,action_client,1733730319, 9.0
173,action_client,1733730319, 9.1
173,action_client,1733730320, 8.5
173,action_client,1733730320, 8.5
173,action_client,1733730321, 7.9
173,action_client,1733730322, 7.4
173,action_client,1733730322, 7.4
173,action_client,1733730323, 7.0
173,action_client,1733730323, 7.0
173,action_client,1733730324, 6.6
173,action_client,1733730324, 6.6
173,action_client,1733730325, 6.3
173,action_client,1733730325, 6.4
173,action_client,1733730326, 6.0
173,action_client,1733730326, 6.1
173,action_client,1733730327, 5.8
173,action_client,1733730327, 5.8
173,action_client,1733730328, 5.6
173,action_client,1733730328, 5.6
173,action_client,1733730329, 5.3
173,action_client,1733730330, 5.1
173,action_client,1733730330, 5.2
173,action_client,1733730331, 5.0
173,action_client,1733730331, 5.0
173,action_client,1733730332, 4.8
173,action_client,1733730332, 4.8
173,action_client,1733730333, 4.7
173,action_client,1733730333, 4.7
173,action_client,1733730334, 4.6
173,action_client,1733730334, 4.6
173,action_client,1733730335, 4.4
173,action_client,1733730335, 4.5
173,action_client,1733730336, 4.3
173,action_client,1733730336, 4.3
173,action_client,1733730337, 4.2
173,action_client,1733730338, 4.1
173,action_client,1733730338, 4.1
173,action_client,1733730339, 4.0
173,action_client,1733730339, 4.0
173,action_client,1733730340, 4.0
173,action_client,1733730340, 4.0
173,action_client,1733730341, 3.9
173,action_client,1733730341, 3.9
173,action_client,1733730342, 3.8
173,action_client,1733730342, 3.8
173,action_client,1733730343, 3.7
173,action_client,1733730343, 3.8
173,action_client,1733730344, 3.7
173,action_client,1733730344, 3.7
173,action_client,1733730345, 3.6
173,action_client,1733730346, 3.6
173,action_client,1733730346, 3.6
173,action_client,1733730347, 3.5
173,action_client,1733730347, 3.5
173,action_client,1733730348, 3.5
173,action_client,1733730348, 3.5
173,action_client,1733730349, 3.4
173,action_client,1733730349, 3.4
173,action_client,1733730350, 3.4
173,action_client,1733730350, 3.4
173,action_client,1733730351, 3.3
173,action_client,1733730351, 3.3
173,action_client,1733730352, 3.3
173,action_client,1733730352, 3.3
173,action_client,1733730353, 3.2
173,action_client,1733730354, 3.2
173,action_client,1733730354, 3.2
173,action_client,1733730355, 3.2
173,action_client,1733730355, 3.2
173,action_client,1733730356, 3.1
173,action_client,1733730356, 3.1
173,action_client,1733730357, 3.1
173,action_client,1733730357, 3.1
173,action_client,1733730358, 3.1
173,action_client,1733730358, 3.1
173,action_client,1733730359, 3.0
173,action_client,1733730359, 3.0
173,action_client,1733730360, 3.0
173,action_client,1733730360, 3.0
173,action_client,1733730361, 3.0
173,action_client,1733730361, 2.9
173,action_client,1733730362, 2.9
173,action_client,1733730363, 2.9
173,action_client,1733730363, 2.9
173,action_client,1733730364, 2.9
173,action_client,1733730364, 2.9
173,action_client,1733730365, 2.9
173,action_client,1733730365, 2.9
173,action_client,1733730366, 2.8
173,action_client,1733730366, 2.8
173,action_client,1733730367, 2.8
173,action_client,1733730367, 2.8
173,action_client,1733730368, 2.8
173,action_client,1733730368, 2.8
173,action_client,1733730369, 2.8
173,action_client,1733730369, 2.8
173,action_client,1733730370, 2.8
173,action_client,1733730371, 2.7
173,action_client,1733730371, 2.7
173,action_client,1733730372, 2.7
173,action_client,1733730372, 2.7
173,action_client,1733730373, 2.7
173,action_client,1733730373, 2.7
173,action_client,1733730374, 2.7
173,action_client,1733730374, 2.7
173,action_client,1733730375, 2.7
173,action_client,1733730375, 2.7
173,action_client,1733730376, 2.7
173,action_client,1733730376, 2.7
173,action_client,1733730377, 2.7
173,action_client,1733730377, 2.7
173,action_client,1733730378, 2.6
173,action_client,1733730379, 2.6
173,action_client,1733730379, 2.6
173,action_client,1733730380, 2.6
173,action_client,1733730380, 2.6
173,action_client,1733730381, 2.6
173,action_client,1733730381, 2.6
173,action_client,1733730382, 2.6
173,action_client,1733730382, 2.6
173,action_client,1733730383, 2.6
173,action_client,1733730383, 2.6
173,action_client,1733730384, 2.6
173,action_client,1733730384, 2.6
173,action_client,1733730385, 2.5
173,action_client,1733730385, 2.6
173,action_client,1733730386, 2.5
173,action_client,1733730387, 2.5
173,action_client,1733730387, 2.5
173,action_client,1733730388, 2.5
173,action_client,1733730388, 2.5
173,action_client,1733730389, 2.5
173,action_client,1733730389, 2.5
173,action_client,1733730390, 2.5
173,action_client,1733730390, 2.5
173,action_client,1733730391, 2.5
173,action_client,1733730391, 2.5
173,action_client,1733730392, 2.5
173,action_client,1733730392, 2.5
173,action_client,1733730393, 2.5
173,action_client,1733730393, 2.5
173,action_client,1733730394, 2.5
173,action_client,1733730395, 2.5
173,action_client,1733730395, 2.5
173,action_client,1733730396, 2.5
173,action_client,1733730396, 2.5
173,action_client,1733730397, 2.4
173,action_client,1733730397, 2.5
173,action_client,1733730398, 2.4
173,action_client,1733730398, 2.5
173,action_client,1733730399, 2.4
173,action_client,1733730399, 2.4
173,action_client,1733730400, 2.4
173,action_client,1733730400, 2.4
173,action_client,1733730401, 2.4
173,action_client,1733730401, 2.4
173,action_client,1733730402, 2.4
173,action_client,1733730402, 2.4
173,action_client,1733730403, 2.4
173,action_client,1733730404, 2.4
173,action_client,1733730404, 2.4
173,action_client,1733730405, 2.4
173,action_client,1733730405, 2.4
173,action_client,1733730406, 2.4
173,action_client,1733730406, 2.4
173,action_client,1733730407, 2.4
173,action_client,1733730407, 2.4
173,action_client,1733730408, 2.4
173,action_client,1733730408, 2.4
173,action_client,1733730409, 2.4
173,action_client,1733730409, 2.4
173,action_client,1733730410, 2.4
173,action_client,1733730410, 2.4
173,action_client,1733730411, 2.4
173,action_client,1733730412, 2.4
173,action_client,1733730412, 2.4
173,action_client,1733730413, 2.4
173,action_client,1733730413, 2.4
173,action_client,1733730414, 2.4
173,action_client,1733730414, 2.4
173,action_client,1733730415, 2.4
173,action_client,1733730415, 2.4
173,action_client,1733730416, 2.3
173,action_client,1733730416, 2.4
173,action_client,1733730417, 2.4
173,action_client,1733730417, 2.4
173,action_client,1733730418, 2.4
173,action_client,1733730418, 2.4
173,action_client,1733730419, 2.3
173,action_client,1733730420, 2.3
173,action_client,1733730420, 2.3
173,action_client,1733730421, 2.3
173,action_client,1733730421, 2.3
173,action_client,1733730422, 2.3
173,action_client,1733730422, 2.3
173,action_client,1733730423, 2.3
173,action_client,1733730423, 2.4
173,action_client,1733730424, 2.3
173,action_client,1733730424, 2.3
173,action_client,1733730425, 2.3
173,action_client,1733730425, 2.3
173,action_client,1733730426, 2.3
173,action_client,1733730426, 2.3
173,action_client,1733730427, 2.3
173,action_client,1733730428, 2.3
173,action_client,1733730428, 2.3
173,action_client,1733730429, 2.3
173,action_client,1733730429, 2.3
173,action_client,1733730430, 2.3
173,action_client,1733730430, 2.3
173,action_client,1733730431, 2.3
173,action_client,1733730431, 2.3
173,action_client,1733730432, 2.3
173,action_client,1733730432, 2.3
173,action_client,1733730433, 2.3
173,action_client,1733730433, 2.3
173,action_client,1733730434, 2.3
173,action_client,1733730434, 2.3
173,action_client,1733730435, 2.3
173,action_client,1733730436, 2.3
173,action_client,1733730436, 2.3
173,action_client,1733730437, 2.3
173,action_client,1733730437, 2.3
173,action_client,1733730438, 2.3
173,action_client,1733730438, 2.3
173,action_client,1733730439, 2.3
173,action_client,1733730439, 2.3
173,action_client,1733730440, 2.3
173,action_client,1733730440, 2.3
173,action_client,1733730441, 2.3
173,action_client,1733730441, 2.3
173,action_client,1733730442, 2.3
173,action_client,1733730442, 2.3
173,action_client,1733730443, 2.3
173,action_client,1733730443, 2.3
173,action_client,1733730444, 2.3
173,action_client,1733730445, 2.3
173,action_client,1733730445, 2.3
173,action_client,1733730446, 2.3
173,action_client,1733730446, 2.3
173,action_client,1733730447, 2.3
173,action_client,1733730447, 2.3
173,action_client,1733730448, 2.3
173,action_client,1733730448, 2.3
173,action_client,1733730449, 2.3
173,action_client,1733730449, 2.3
173,action_client,1733730450, 2.3
173,action_client,1733730450, 2.3
173,action_client,1733730451, 2.3
173,action_client,1733730451, 2.3
173,action_client,1733730452, 2.3
173,action_client,1733730453, 2.3
173,action_client,1733730453, 2.3
173,action_client,1733730454, 2.3
173,action_client,1733730454, 2.3
173,action_client,1733730455, 2.3
173,action_client,1733730455, 2.3
173,action_client,1733730456, 2.3
173,action_client,1733730456, 2.3
173,action_client,1733730457, 2.3
173,action_client,1733730457, 2.3
173,action_client,1733730458, 2.3
173,action_client,1733730458, 2.3
173,action_client,1733730459, 2.3
173,action_client,1733730459, 2.3
173,action_client,1733730460, 2.3
173,action_client,1733730461, 2.3
173,action_client,1733730461, 2.3
173,action_client,1733730462, 2.3
173,action_client,1733730462, 2.3
173,action_client,1733730463, 2.3
173,action_client,1733730463, 2.3
173,action_client,1733730464, 2.3
173,action_client,1733730464, 2.3
173,action_client,1733730465, 2.3
173,action_client,1733730465, 2.3
173,action_client,1733730466, 2.3
173,action_client,1733730466, 2.3
173,action_client,1733730467, 2.3
173,action_client,1733730467, 2.3
173,action_client,1733730468, 2.3
173,action_client,1733730469, 2.3
173,action_client,1733730469, 2.3
173,action_client,1733730470, 2.3
173,action_client,1733730470, 2.3
173,action_client,1733730471, 2.3
173,action_client,1733730471, 2.3
173,action_client,1733730472, 2.3
173,action_client,1733730472, 2.3
173,action_client,1733730473, 2.3
173,action_client,1733730473, 2.3
173,action_client,1733730474, 2.3
173,action_client,1733730474, 2.3
173,action_client,1733730475, 2.3
173,action_client,1733730475, 2.3
173,action_client,1733730476, 2.3
173,action_client,1733730477, 2.3
173,action_client,1733730477, 2.3
173,action_client,1733730478, 2.3
173,action_client,1733730478, 2.3
173,action_client,1733730479, 2.3
173,action_client,1733730479, 2.3
173,action_client,1733730480, 2.3
173,action_client,1733730480, 2.3
173,action_client,1733730481, 2.3
173,action_client,1733730481, 2.3
173,action_client,1733730482, 2.3
173,action_client,1733730482, 2.3
173,action_client,1733730483, 2.3
173,action_client,1733730483, 2.3
173,action_client,1733730484, 2.3
173,action_client,1733730485, 2.3
173,action_client,1733730485, 2.3
173,action_client,1733730486, 2.3
173,action_client,1733730486, 2.3
173,action_client,1733730487, 2.3
173,action_client,1733730487, 2.3
173,action_client,1733730488, 2.3
173,action_client,1733730488, 2.3
173,action_client,1733730489, 2.3
173,action_client,1733730489, 2.3
173,action_client,1733730490, 2.3
173,action_client,1733730490, 2.3
173,action_client,1733730491, 2.3
173,action_client,1733730491, 2.3
173,action_client,1733730492, 2.3
173,action_client,1733730493, 2.3
173,action_client,1733730493, 2.3
