exec,label,timestamp,cpu
1,action_client,1734122558, 5.0
1,action_client,1734122558, 5.0
1,action_client,1734122559, 2.5
1,action_client,1734122559, 2.5
1,action_client,1734122560, 1.6
1,action_client,1734122560, 1.6
1,action_client,1734122561, 1.2
1,action_client,1734122562, 1.5
1,action_client,1734122562, 1.2
1,action_client,1734122563, 1.2
1,action_client,1734122563, 1.0
1,action_client,1734122564, 0.8
1,action_client,1734122564, 1.0
1,action_client,1734122565, 0.8
1,action_client,1734122565, 0.8
1,action_client,1734122566, 0.7
1,action_client,1734122566, 0.7
1,action_client,1734122567, 0.7
1,action_client,1734122567, 0.7
1,action_client,1734122568, 0.6
1,action_client,1734122568, 0.6
1,action_client,1734122569, 0.5
1,action_client,1734122569, 0.6
1,action_client,1734122570, 0.6
1,action_client,1734122571, 0.6
1,action_client,1734122571, 0.5
1,action_client,1734122572, 0.6
1,action_client,1734122572, 0.6
1,action_client,1734122573, 0.6
1,action_client,1734122573, 0.5
1,action_client,1734122574, 0.5
1,action_client,1734122574, 0.5
1,action_client,1734122575, 0.5
1,action_client,1734122575, 0.5
1,action_client,1734122576, 0.5
1,action_client,1734122576, 0.5
1,action_client,1734122577, 0.5
1,action_client,1734122577, 0.5
1,action_client,1734122578, 0.4
1,action_client,1734122578, 0.5
1,action_client,1734122579, 0.5
1,action_client,1734122580, 0.5
1,action_client,1734122580, 0.4
1,action_client,1734122581, 0.4
1,action_client,1734122581, 0.4
1,action_client,1734122582, 0.5
1,action_client,1734122582, 0.4
1,action_client,1734122583, 0.5
1,action_client,1734122583, 0.5
1,action_client,1734122584, 0.4
1,action_client,1734122584, 0.4
1,action_client,1734122585, 0.4
1,action_client,1734122585, 0.4
1,action_client,1734122586, 0.4
1,action_client,1734122586, 0.4
1,action_client,1734122587, 0.4
1,action_client,1734122587, 0.4
1,action_client,1734122588, 0.4
1,action_client,1734122589, 0.4
1,action_client,1734122589, 0.4
1,action_client,1734122590, 0.4
1,action_client,1734122590, 0.4
1,action_client,1734122591, 0.4
1,action_client,1734122591, 0.4
1,action_client,1734122592, 0.4
1,action_client,1734122592, 0.4
1,action_client,1734122593, 0.4
1,action_client,1734122593, 0.4
1,action_client,1734122594, 0.4
1,action_client,1734122594, 0.4
1,action_client,1734122595, 0.4
1,action_client,1734122596, 0.4
1,action_client,1734122596, 0.4
1,action_client,1734122597, 0.4
1,action_client,1734122597, 0.4
1,action_client,1734122598, 0.4
1,action_client,1734122598, 0.4
1,action_client,1734122599, 0.4
1,action_client,1734122599, 0.4
1,action_client,1734122600, 0.4
1,action_client,1734122600, 0.4
1,action_client,1734122601, 0.4
1,action_client,1734122601, 0.4
1,action_client,1734122602, 0.4
1,action_client,1734122602, 0.4
1,action_client,1734122603, 0.4
1,action_client,1734122604, 0.4
1,action_client,1734122604, 0.4
1,action_client,1734122605, 0.4
1,action_client,1734122605, 0.4
1,action_client,1734122606, 0.4
1,action_client,1734122606, 0.4
1,action_client,1734122607, 0.4
1,action_client,1734122607, 0.4
1,action_client,1734122608, 0.4
1,action_client,1734122608, 0.4
1,action_client,1734122609, 0.4
1,action_client,1734122610, 0.4
1,action_client,1734122610, 0.4
1,action_client,1734122611, 0.4
1,action_client,1734122611, 0.4
1,action_client,1734122612, 0.4
1,action_client,1734122612, 0.4
1,action_client,1734122613, 0.4
1,action_client,1734122613, 0.4
1,action_client,1734122614, 0.4
1,action_client,1734122614, 0.4
1,action_client,1734122615, 0.3
1,action_client,1734122615, 0.3
1,action_client,1734122616, 0.3
1,action_client,1734122616, 0.4
1,action_client,1734122617, 0.4
1,action_client,1734122617, 0.4
1,action_client,1734122618, 0.3
1,action_client,1734122619, 0.3
1,action_client,1734122619, 0.4
1,action_client,1734122620, 0.4
1,action_client,1734122620, 0.3
1,action_client,1734122621, 0.3
1,action_client,1734122621, 0.3
1,action_client,1734122622, 0.4
1,action_client,1734122622, 0.4
1,action_client,1734122623, 0.3
1,action_client,1734122623, 0.3
1,action_client,1734122624, 0.4
1,action_client,1734122624, 0.4
1,action_client,1734122625, 0.3
1,action_client,1734122625, 0.3
1,action_client,1734122626, 0.3
1,action_client,1734122626, 0.3
1,action_client,1734122627, 0.4
1,action_client,1734122628, 0.4
1,action_client,1734122628, 0.3
1,action_client,1734122629, 0.3
1,action_client,1734122629, 0.3
1,action_client,1734122630, 0.3
1,action_client,1734122630, 0.3
1,action_client,1734122631, 0.3
1,action_client,1734122631, 0.3
1,action_client,1734122632, 0.3
1,action_client,1734122632, 0.3
1,action_client,1734122633, 0.3
1,action_client,1734122633, 0.3
1,action_client,1734122634, 0.3
1,action_client,1734122634, 0.3
1,action_client,1734122635, 0.3
1,action_client,1734122636, 0.3
1,action_client,1734122636, 0.3
1,action_client,1734122637, 0.3
1,action_client,1734122637, 0.3
1,action_client,1734122638, 0.3
1,action_client,1734122638, 0.3
1,action_client,1734122639, 0.3
1,action_client,1734122639, 0.3
1,action_client,1734122640, 0.3
1,action_client,1734122640, 0.3
1,action_client,1734122641, 0.3
1,action_client,1734122641, 0.3
1,action_client,1734122642, 0.3
1,action_client,1734122642, 0.3
1,action_client,1734122643, 0.3
1,action_client,1734122643, 0.3
1,action_client,1734122644, 0.3
1,action_client,1734122644, 0.3
1,action_client,1734122645, 0.3
1,action_client,1734122646, 0.3
1,action_client,1734122646, 0.3
1,action_client,1734122647, 0.3
1,action_client,1734122647, 0.3
1,action_client,1734122648, 0.3
1,action_client,1734122648, 0.3
1,action_client,1734122649, 0.3
1,action_client,1734122649, 0.3
1,action_client,1734122650, 0.3
1,action_client,1734122650, 0.3
1,action_client,1734122651, 0.3
1,action_client,1734122651, 0.3
1,action_client,1734122652, 0.3
1,action_client,1734122652, 0.3
1,action_client,1734122653, 0.3
1,action_client,1734122653, 0.3
1,action_client,1734122654, 0.3
1,action_client,1734122654, 0.3
1,action_client,1734122655, 0.3
1,action_client,1734122655, 0.3
1,action_client,1734122656, 0.3
1,action_client,1734122657, 0.3
1,action_client,1734122657, 0.3
1,action_client,1734122658, 0.3
1,action_client,1734122658, 0.3
1,action_client,1734122659, 0.3
1,action_client,1734122659, 0.3
1,action_client,1734122660, 0.3
1,action_client,1734122660, 0.3
1,action_client,1734122661, 0.3
1,action_client,1734122661, 0.3
1,action_client,1734122662, 0.3
1,action_client,1734122662, 0.3
1,action_client,1734122663, 0.3
1,action_client,1734122663, 0.3
1,action_client,1734122664, 0.3
1,action_client,1734122664, 0.3
1,action_client,1734122665, 0.3
1,action_client,1734122665, 0.3
1,action_client,1734122666, 0.3
1,action_client,1734122667, 0.3
1,action_client,1734122667, 0.3
1,action_client,1734122668, 0.3
1,action_client,1734122668, 0.3
1,action_client,1734122669, 0.3
1,action_client,1734122669, 0.3
1,action_client,1734122670, 0.3
1,action_client,1734122670, 0.3
1,action_client,1734122671, 0.3
1,action_client,1734122671, 0.3
1,action_client,1734122672, 0.3
1,action_client,1734122672, 0.3
1,action_client,1734122673, 0.3
1,action_client,1734122673, 0.3
1,action_client,1734122674, 0.3
1,action_client,1734122674, 0.3
1,action_client,1734122675, 0.3
1,action_client,1734122675, 0.3
1,action_client,1734122676, 0.3
1,action_client,1734122676, 0.3
1,action_client,1734122677, 0.3
1,action_client,1734122678, 0.3
1,action_client,1734122678, 0.3
1,action_client,1734122679, 0.3
1,action_client,1734122679, 0.3
1,action_client,1734122680, 0.3
1,action_client,1734122680, 0.3
1,action_client,1734122681, 0.3
1,action_client,1734122681, 0.3
1,action_client,1734122682, 0.3
1,action_client,1734122682, 0.3
1,action_client,1734122683, 0.3
1,action_client,1734122683, 0.3
1,action_client,1734122684, 0.3
1,action_client,1734122684, 0.3
1,action_client,1734122685, 0.3
1,action_client,1734122685, 0.3
1,action_client,1734122686, 0.3
1,action_client,1734122686, 0.3
1,action_client,1734122687, 0.3
1,action_client,1734122687, 0.3
1,action_client,1734122688, 0.3
1,action_client,1734122689, 0.3
1,action_client,1734122689, 0.3
1,action_client,1734122690, 0.3
1,action_client,1734122690, 0.3
1,action_client,1734122691, 0.3
1,action_client,1734122691, 0.3
1,action_client,1734122692, 0.3
1,action_client,1734122692, 0.3
1,action_client,1734122693, 0.3
1,action_client,1734122693, 0.3
1,action_client,1734122694, 0.3
1,action_client,1734122694, 0.3
1,action_client,1734122695, 0.3
1,action_client,1734122695, 0.3
1,action_client,1734122696, 0.3
1,action_client,1734122696, 0.3
1,action_client,1734122697, 0.3
1,action_client,1734122697, 0.3
1,action_client,1734122698, 0.3
1,action_client,1734122698, 0.3
1,action_client,1734122699, 0.3
1,action_client,1734122700, 0.3
1,action_client,1734122700, 0.3
1,action_client,1734122701, 0.3
1,action_client,1734122701, 0.3
1,action_client,1734122702, 0.3
1,action_client,1734122702, 0.3
1,action_client,1734122703, 0.3
1,action_client,1734122703, 0.3
1,action_client,1734122704, 0.3
1,action_client,1734122704, 0.3
1,action_client,1734122705, 0.3
1,action_client,1734122705, 0.3
1,action_client,1734122706, 0.3
1,action_client,1734122706, 0.3
1,action_client,1734122707, 0.3
1,action_client,1734122707, 0.3
1,action_client,1734122708, 0.3
1,action_client,1734122708, 0.3
1,action_client,1734122709, 0.3
1,action_client,1734122709, 0.3
1,action_client,1734122710, 0.3
1,action_client,1734122711, 0.3
1,action_client,1734122711, 0.3
1,action_client,1734122712, 0.3
1,action_client,1734122712, 0.3
1,action_client,1734122713, 0.3
1,action_client,1734122713, 0.3
1,action_client,1734122714, 0.3
1,action_client,1734122714, 0.3
1,action_client,1734122715, 0.3
1,action_client,1734122715, 0.3
1,action_client,1734122716, 0.3
1,action_client,1734122716, 0.3
1,action_client,1734122717, 0.3
1,action_client,1734122717, 0.3
1,action_client,1734122718, 0.3
1,action_client,1734122718, 0.3
1,action_client,1734122719, 0.3
1,action_client,1734122719, 0.3
1,action_client,1734122720, 0.3
1,action_client,1734122720, 0.3
1,action_client,1734122721, 0.3
1,action_client,1734122722, 0.3
1,action_client,1734122722, 0.3
1,action_client,1734122723, 0.3
1,action_client,1734122723, 0.3
1,action_client,1734122724, 0.3
1,action_client,1734122724, 0.3
1,action_client,1734122725, 0.3
1,action_client,1734122725, 0.3
1,action_client,1734122726, 0.3
1,action_client,1734122726, 0.3
1,action_client,1734122727, 0.3
1,action_client,1734122727, 0.3
1,action_client,1734122728, 0.3
1,action_client,1734122728, 0.3
1,action_client,1734122729, 0.3
1,action_client,1734122729, 0.3
1,action_client,1734122730, 0.3
1,action_client,1734122730, 0.3
1,action_client,1734122731, 0.3
1,action_client,1734122732, 0.3
1,action_client,1734122732, 0.3
1,action_client,1734122733, 0.3
1,action_client,1734122733, 0.3
1,action_client,1734122734, 0.3
1,action_client,1734122734, 0.3
1,action_client,1734122735, 0.3
1,action_client,1734122735, 0.3
1,action_client,1734122736, 0.3
1,action_client,1734122736, 0.3
1,action_client,1734122737, 0.3
1,action_client,1734122737, 0.3
1,action_client,1734122738, 0.3
1,action_client,1734122738, 0.3
1,action_client,1734122739, 0.3
1,action_client,1734122740, 0.3
1,action_client,1734122740, 0.3
1,action_client,1734122741, 0.3
1,action_client,1734122741, 0.3
1,action_client,1734122742, 0.3
1,action_client,1734122742, 0.3
1,action_client,1734122743, 0.3
1,action_client,1734122743, 0.3
1,action_client,1734122744, 0.3
1,action_client,1734122745, 0.3
1,action_client,1734122745, 0.3
1,action_client,1734122746, 0.3
1,action_client,1734122746, 0.3
1,action_client,1734122747, 0.3
1,action_client,1734122747, 0.3
1,action_client,1734122748, 0.3
1,action_client,1734122748, 0.3
